{"nbformat":4,"nbformat_minor":0,"metadata":{"colab":{"provenance":[],"authorship_tag":"ABX9TyMeeK1C4FG8l3K7E8TS4Je9"},"kernelspec":{"name":"python3","display_name":"Python 3"},"language_info":{"name":"python"}},"cells":[{"cell_type":"markdown","source":["# **1.**"],"metadata":{"id":"GfqQGU35I7aw"}},{"cell_type":"code","source":["import nltk\n","from nltk.corpus import gutenberg\n","import numpy as np\n","\n","def create_co_occurrence_matrix(docs, window_size=2):\n","    vocab = set()\n","    word2index = {}\n","    for doc in docs:\n","        for word in doc:\n","            if word not in vocab:\n","                word2index[word] = len(vocab)\n","                vocab.add(word)\n","    co_occurrence_matrix = np.zeros((len(vocab), len(vocab)))\n","\n","    for doc in docs:\n","        for i, word in enumerate(doc):\n","            context = doc[max(0, i - window_size):i] + doc[i + 1:i + 1 + window_size]\n","            for context_word in context:\n","                co_occurrence_matrix[word2index[word]][word2index[context_word]] += 1\n","\n","    return co_occurrence_matrix\n","\n","def calculate_PPMI(co_occurrence_matrix):\n","    PPMI_matrix = np.zeros(co_occurrence_matrix.shape)\n","    row_totals = co_occurrence_matrix.sum(axis=1)\n","    col_totals = co_occurrence_matrix.sum(axis=0)\n","    total_sum = co_occurrence_matrix.sum()\n","\n","    for i in range(co_occurrence_matrix.shape[0]):\n","        for j in range(co_occurrence_matrix.shape[1]):\n","            pij = co_occurrence_matrix[i][j] / total_sum\n","            pi_star = row_totals[i] / total_sum\n","            p_star_j = col_totals[j] / total_sum\n","\n","            PPMI_matrix[i][j] = max(np.log2(pij / (pi_star * p_star_j)), 0)\n","\n","    return PPMI_matrix\n","\n","docs = [\"melville-moby_dick.txt\", \"austen-sense.txt\", \"bryant-stories.txt\"]\n","co_occurrence_matrix = create_co_occurrence_matrix(docs, window_size=2)\n","PPMI_matrix = calculate_PPMI(co_occurrence_matrix)\n","\n","print(PPMI_matrix)"],"metadata":{"colab":{"base_uri":"https://localhost:8080/"},"id":"y9EugS5ficdu","executionInfo":{"status":"ok","timestamp":1711882173670,"user_tz":-180,"elapsed":220,"user":{"displayName":"Nataliia Dolishnia-Sprynska","userId":"03488156013549653284"}},"outputId":"b1ff8ff3-f73c-4590-9271-411c892386f7"},"execution_count":6,"outputs":[{"output_type":"stream","name":"stdout","text":["[[0.         1.57797607 1.51657553 0.         0.         1.51657553\n","  2.10153803 2.51657553 0.         0.         0.         0.\n","  0.         0.         0.         0.         0.         0.\n","  0.         0.         0.        ]\n"," [1.57797607 0.         1.16293857 1.16293857 0.         1.16293857\n","  0.         0.         0.         0.         0.         0.\n","  0.         0.57797607 0.         0.         0.         0.\n","  1.16293857 1.16293857 0.35558365]\n"," [1.51657553 1.16293857 1.51657553 3.10153803 2.10153803 0.51657553\n","  0.         0.         0.         0.         0.         0.\n","  0.         0.         0.         0.         0.         0.\n","  0.         0.         0.        ]\n"," [0.         1.16293857 3.10153803 0.         2.10153803 0.\n","  0.         0.         0.         0.         0.         0.\n","  0.         0.         0.         0.         0.         0.\n","  0.         0.         0.        ]\n"," [0.         0.         2.10153803 2.10153803 0.         0.\n","  1.10153803 0.         0.         2.10153803 2.10153803 2.10153803\n","  2.10153803 0.         0.         0.         0.         0.\n","  0.         0.         1.2941831 ]\n"," [1.51657553 1.16293857 0.51657553 0.         0.         0.\n","  1.10153803 0.         0.         0.         0.         0.\n","  0.         0.         0.19464743 0.         0.         0.\n","  0.77960993 1.51657553 0.        ]\n"," [2.10153803 0.         0.         0.         1.10153803 1.10153803\n","  0.         2.10153803 1.68650053 0.         0.         0.\n","  0.         0.         0.         0.         0.         0.\n","  0.36457243 0.         1.87914561]\n"," [2.51657553 0.         0.         0.         0.         0.\n","  2.10153803 0.         3.10153803 3.10153803 0.         0.\n","  0.         0.         0.         0.         0.         0.\n","  0.         0.         2.2941831 ]\n"," [0.         0.         0.         0.         0.         0.\n","  1.68650053 3.10153803 0.         2.68650053 2.68650053 0.\n","  0.         0.         0.         0.         2.10153803 0.\n","  0.         1.10153803 1.87914561]\n"," [0.         0.         0.         0.         2.10153803 0.\n","  0.         3.10153803 2.68650053 0.         3.68650053 0.\n","  0.         0.         0.         0.         0.         0.\n","  0.         0.         0.        ]\n"," [0.         0.         0.         0.         2.10153803 0.\n","  0.         0.         2.68650053 3.68650053 0.         3.68650053\n","  0.         0.         0.         0.         0.         0.\n","  0.         0.         0.        ]\n"," [0.         0.         0.         0.         2.10153803 0.\n","  0.         0.         0.         0.         3.68650053 0.\n","  3.68650053 2.10153803 0.         0.         0.         0.\n","  0.         0.         0.        ]\n"," [0.         0.         0.         0.         2.10153803 0.\n","  0.         0.         0.         0.         0.         3.68650053\n","  0.         2.10153803 0.77960993 0.         0.         0.\n","  0.         0.         0.        ]\n"," [0.         0.57797607 0.         0.         0.         0.\n","  0.         0.         0.         0.         0.         2.10153803\n","  2.10153803 0.         0.77960993 2.51657553 0.         0.\n","  0.77960993 0.         0.        ]\n"," [0.         0.         0.         0.         0.         0.19464743\n","  0.         0.         0.         0.         0.         0.\n","  0.77960993 0.77960993 0.45768184 2.19464743 0.19464743 1.19464743\n","  0.45768184 0.19464743 0.        ]\n"," [0.         0.         0.         0.         0.         0.\n","  0.         0.         0.         0.         0.         0.\n","  0.         2.51657553 2.19464743 0.         0.         0.\n","  0.         0.         0.        ]\n"," [0.         0.         0.         0.         0.         0.\n","  0.         0.         2.10153803 0.         0.         0.\n","  0.         0.         0.19464743 0.         0.         3.51657553\n","  0.77960993 1.51657553 2.2941831 ]\n"," [0.         0.         0.         0.         0.         0.\n","  0.         0.         0.         0.         0.         0.\n","  0.         0.         1.19464743 0.         3.51657553 0.\n","  1.77960993 0.         0.        ]\n"," [0.         1.16293857 0.         0.         0.         0.77960993\n","  0.36457243 0.         0.         0.         0.         0.\n","  0.         0.77960993 0.45768184 0.         0.77960993 1.77960993\n","  0.         1.36457243 0.        ]\n"," [0.         1.16293857 0.         0.         0.         1.51657553\n","  0.         0.         1.10153803 0.         0.         0.\n","  0.         0.         0.19464743 0.         1.51657553 0.\n","  1.36457243 0.         0.        ]\n"," [0.         0.35558365 0.         0.         1.2941831  0.\n","  1.87914561 2.2941831  1.87914561 0.         0.         0.\n","  0.         0.         0.         0.         2.2941831  0.\n","  0.         0.         0.        ]]\n"]},{"output_type":"stream","name":"stderr","text":["<ipython-input-6-c7980bad45b8>:35: RuntimeWarning: divide by zero encountered in log2\n","  PPMI_matrix[i][j] = max(np.log2(pij / (pi_star * p_star_j)), 0)\n"]}]},{"cell_type":"markdown","source":["# **2.**\n","*якщо чесно, я не дуже зрозуміла, що зробити, тому лише змінила параметр \"window size\" з 2 на 5*"],"metadata":{"id":"R8fHgJb_JAZW"}},{"cell_type":"code","source":["import nltk\n","from nltk.corpus import gutenberg\n","import numpy as np\n","\n","def create_co_occurrence_matrix(docs, window_size=2):\n","    vocab = set()\n","    word2index = {}\n","    for doc in docs:\n","        for word in doc:\n","            if word not in vocab:\n","                word2index[word] = len(vocab)\n","                vocab.add(word)\n","    co_occurrence_matrix = np.zeros((len(vocab), len(vocab)))\n","\n","    for doc in docs:\n","        for i, word in enumerate(doc):\n","            context = doc[max(0, i - window_size):i] + doc[i + 1:i + 1 + window_size]\n","            for context_word in context:\n","                co_occurrence_matrix[word2index[word]][word2index[context_word]] += 1\n","\n","    return co_occurrence_matrix\n","\n","def calculate_PPMI(co_occurrence_matrix):\n","    PPMI_matrix = np.zeros(co_occurrence_matrix.shape)\n","    row_totals = co_occurrence_matrix.sum(axis=1)\n","    col_totals = co_occurrence_matrix.sum(axis=0)\n","    total_sum = co_occurrence_matrix.sum()\n","\n","    for i in range(co_occurrence_matrix.shape[0]):\n","        for j in range(co_occurrence_matrix.shape[1]):\n","            pij = co_occurrence_matrix[i][j] / total_sum\n","            pi_star = row_totals[i] / total_sum\n","            p_star_j = col_totals[j] / total_sum\n","\n","            PPMI_matrix[i][j] = max(np.log2(pij / (pi_star * p_star_j)), 0)\n","\n","    return PPMI_matrix\n","\n","docs = [\"melville-moby_dick.txt\", \"austen-sense.txt\", \"bryant-stories.txt\"]\n","co_occurrence_matrix = create_co_occurrence_matrix(docs, window_size=5)\n","PPMI_matrix = calculate_PPMI(co_occurrence_matrix)\n","\n","print(PPMI_matrix)"],"metadata":{"colab":{"base_uri":"https://localhost:8080/"},"id":"AzqiMydcIU5X","executionInfo":{"status":"ok","timestamp":1711882429473,"user_tz":-180,"elapsed":236,"user":{"displayName":"Nataliia Dolishnia-Sprynska","userId":"03488156013549653284"}},"outputId":"423aabde-51b1-4c7e-f0ae-a87fe17e89fa"},"execution_count":7,"outputs":[{"output_type":"stream","name":"stdout","text":["[[0.         0.21473885 2.21473885 1.96962635 1.11164536 0.06273576\n","  0.64769826 1.06273576 0.88216351 1.64769826 1.64769826 0.\n","  0.         0.         0.         0.         0.         0.\n","  0.         0.         0.        ]\n"," [0.21473885 0.         0.95170444 1.12162944 0.         0.21473885\n","  0.         0.         0.         0.         0.         0.\n","  0.         0.12162944 0.12162944 0.         0.         0.53666694\n","  0.59806749 0.58557654 0.        ]\n"," [2.21473885 0.95170444 1.95170444 2.70659195 0.84861095 0.21473885\n","  0.79970135 0.21473885 0.         0.         0.         0.\n","  0.         0.         0.         0.         0.         0.\n","  0.         0.         0.        ]\n"," [1.96962635 1.12162944 2.70659195 0.         1.01853595 0.96962635\n","  0.         0.         0.         0.         0.         0.\n","  0.         0.         0.         0.         0.         0.\n","  0.         0.         0.        ]\n"," [1.11164536 0.         0.84861095 1.01853595 0.         0.11164536\n","  0.69660786 0.11164536 0.         0.69660786 0.69660786 0.69660786\n","  0.84861095 0.43357345 0.         0.84861095 0.         0.\n","  0.         0.         0.01853595]\n"," [0.06273576 0.21473885 0.21473885 0.96962635 0.11164536 0.\n","  0.64769826 0.06273576 0.88216351 0.64769826 0.         0.\n","  0.         0.         0.         0.         0.26918663 1.38466385\n","  0.44606439 0.69660786 0.96962635]\n"," [0.64769826 0.         0.79970135 0.         0.69660786 0.64769826\n","  0.         0.64769826 0.46712601 1.23266076 1.23266076 0.\n","  0.         0.         0.         0.         0.         0.\n","  0.0310269  0.         0.55458885]\n"," [1.06273576 0.         0.21473885 0.         0.11164536 0.06273576\n","  0.64769826 0.         1.88216351 1.64769826 1.64769826 1.64769826\n","  0.         0.         0.         0.         1.26918663 0.\n","  0.         0.11164536 0.96962635]\n"," [0.88216351 0.         0.         0.         0.         0.88216351\n","  0.46712601 1.88216351 0.         1.46712601 1.46712601 1.46712601\n","  1.6191291  0.         0.         0.         1.08861439 0.\n","  0.         0.         0.78905411]\n"," [1.64769826 0.         0.         0.         0.69660786 0.64769826\n","  1.23266076 1.64769826 1.46712601 0.         2.23266076 2.23266076\n","  2.38466385 0.96962635 0.         0.         0.         0.\n","  0.         0.         0.        ]\n"," [1.64769826 0.         0.         0.         0.69660786 0.\n","  1.23266076 1.64769826 1.46712601 2.23266076 0.         2.23266076\n","  2.38466385 0.96962635 0.         0.         0.         0.\n","  0.         0.         0.        ]\n"," [0.         0.         0.         0.         0.69660786 0.\n","  0.         1.64769826 1.46712601 2.23266076 2.23266076 0.\n","  2.38466385 0.96962635 0.55458885 1.38466385 0.         0.\n","  0.         0.         0.        ]\n"," [0.         0.         0.         0.         0.84861095 0.\n","  0.         0.         1.6191291  2.38466385 2.38466385 2.38466385\n","  0.         1.12162944 0.70659195 1.53666694 0.         0.\n","  0.         0.         0.        ]\n"," [0.         0.12162944 0.         0.         0.43357345 0.\n","  0.         0.         0.         0.96962635 0.96962635 0.96962635\n","  1.12162944 0.         0.87651695 1.70659195 0.         0.\n","  0.35295499 0.         0.29155445]\n"," [0.         0.12162944 0.         0.         0.         0.\n","  0.         0.         0.         0.         0.         0.55458885\n","  0.70659195 0.87651695 0.         1.29155445 0.76103973 0.29155445\n","  0.52287999 0.01853595 0.87651695]\n"," [0.         0.         0.         0.         0.84861095 0.\n","  0.         0.         0.         0.         0.         1.38466385\n","  1.53666694 1.70659195 1.29155445 0.         0.         0.\n","  0.18302999 0.         0.        ]\n"," [0.         0.         0.         0.         0.         0.26918663\n","  0.         1.26918663 1.08861439 0.         0.         0.\n","  0.         0.         0.76103973 0.         0.         2.59111473\n","  0.65251527 1.31809623 1.17607723]\n"," [0.         0.53666694 0.         0.         0.         1.38466385\n","  0.         0.         0.         0.         0.         0.\n","  0.         0.         0.29155445 0.         2.59111473 0.\n","  0.76799249 1.43357345 0.        ]\n"," [0.         0.59806749 0.         0.         0.         0.44606439\n","  0.0310269  0.         0.         0.         0.         0.\n","  0.         0.35295499 0.52287999 0.18302999 0.65251527 0.76799249\n","  0.         1.0799365  0.35295499]\n"," [0.         0.58557654 0.         0.         0.         0.69660786\n","  0.         0.11164536 0.         0.         0.         0.\n","  0.         0.         0.01853595 0.         1.31809623 1.43357345\n","  1.0799365  0.16055496 0.01853595]\n"," [0.         0.         0.         0.         0.01853595 0.96962635\n","  0.55458885 0.96962635 0.78905411 0.         0.         0.\n","  0.         0.29155445 0.87651695 0.         1.17607723 0.\n","  0.35295499 0.01853595 0.        ]]\n"]},{"output_type":"stream","name":"stderr","text":["<ipython-input-7-a3b4b576e877>:35: RuntimeWarning: divide by zero encountered in log2\n","  PPMI_matrix[i][j] = max(np.log2(pij / (pi_star * p_star_j)), 0)\n"]}]},{"cell_type":"markdown","source":["# **3.**\n","спробувала застосувати smoothing"],"metadata":{"id":"h3N192VeJpMM"}},{"cell_type":"code","source":["epsilon = 1e-8\n","\n","def calculate_smoothed_PPMI(co_occurrence_matrix):\n","    PPMI_matrix = np.zeros(co_occurrence_matrix.shape)\n","    row_totals = co_occurrence_matrix.sum(axis=1)\n","    col_totals = co_occurrence_matrix.sum(axis=0)\n","    total_sum = co_occurrence_matrix.sum()\n","\n","    for i in range(co_occurrence_matrix.shape[0]):\n","        for j in range(co_occurrence_matrix.shape[1]):\n","            pij = co_occurrence_matrix[i][j] / total_sum\n","            pi_star = (row_totals[i] + epsilon) / (total_sum + epsilon)\n","            p_star_j = (col_totals[j] + epsilon) / (total_sum + epsilon)\n","\n","            PPMI_matrix[i][j] = max(np.log2(pij / (pi_star * p_star_j)), 0)\n","\n","    return PPMI_matrix\n","\n","docs = [\"melville-moby_dick.txt\", \"austen-sense.txt\", \"bryant-stories.txt\"]\n","co_occurrence_matrix = create_co_occurrence_matrix(docs, window_size=5)  # Choose window size here\n","PPMI_matrix = calculate_smoothed_PPMI(co_occurrence_matrix)\n","\n","print(PPMI_matrix)"],"metadata":{"colab":{"base_uri":"https://localhost:8080/"},"id":"Y6mYYhVvi0nW","executionInfo":{"status":"ok","timestamp":1711889144039,"user_tz":-180,"elapsed":5,"user":{"displayName":"Nataliia Dolishnia-Sprynska","userId":"03488156013549653284"}},"outputId":"837754f8-69c2-45bb-95af-337d9d47aa64"},"execution_count":11,"outputs":[{"output_type":"stream","name":"stdout","text":["[[0.         0.21473885 2.21473885 1.96962635 1.11164535 0.06273575\n","  0.64769825 1.06273575 0.88216351 1.64769825 1.64769825 0.\n","  0.         0.         0.         0.         0.         0.\n","  0.         0.         0.        ]\n"," [0.21473885 0.         0.95170444 1.12162944 0.         0.21473885\n","  0.         0.         0.         0.         0.         0.\n","  0.         0.12162944 0.12162944 0.         0.         0.53666694\n","  0.59806749 0.58557654 0.        ]\n"," [2.21473885 0.95170444 1.95170444 2.70659194 0.84861095 0.21473885\n","  0.79970135 0.21473885 0.         0.         0.         0.\n","  0.         0.         0.         0.         0.         0.\n","  0.         0.         0.        ]\n"," [1.96962635 1.12162944 2.70659194 0.         1.01853595 0.96962635\n","  0.         0.         0.         0.         0.         0.\n","  0.         0.         0.         0.         0.         0.\n","  0.         0.         0.        ]\n"," [1.11164535 0.         0.84861095 1.01853595 0.         0.11164535\n","  0.69660786 0.11164535 0.         0.69660785 0.69660785 0.69660785\n","  0.84861095 0.43357345 0.         0.84861095 0.         0.\n","  0.         0.         0.01853595]\n"," [0.06273575 0.21473885 0.21473885 0.96962635 0.11164535 0.\n","  0.64769825 0.06273575 0.88216351 0.64769825 0.         0.\n","  0.         0.         0.         0.         0.26918663 1.38466385\n","  0.44606439 0.69660786 0.96962635]\n"," [0.64769825 0.         0.79970135 0.         0.69660786 0.64769825\n","  0.         0.64769825 0.46712601 1.23266075 1.23266075 0.\n","  0.         0.         0.         0.         0.         0.\n","  0.03102689 0.         0.55458885]\n"," [1.06273575 0.         0.21473885 0.         0.11164535 0.06273575\n","  0.64769825 0.         1.88216351 1.64769825 1.64769825 1.64769825\n","  0.         0.         0.         0.         1.26918663 0.\n","  0.         0.11164535 0.96962635]\n"," [0.88216351 0.         0.         0.         0.         0.88216351\n","  0.46712601 1.88216351 0.         1.46712601 1.46712601 1.46712601\n","  1.6191291  0.         0.         0.         1.08861439 0.\n","  0.         0.         0.7890541 ]\n"," [1.64769825 0.         0.         0.         0.69660785 0.64769825\n","  1.23266075 1.64769825 1.46712601 0.         2.23266075 2.23266075\n","  2.38466385 0.96962635 0.         0.         0.         0.\n","  0.         0.         0.        ]\n"," [1.64769825 0.         0.         0.         0.69660785 0.\n","  1.23266075 1.64769825 1.46712601 2.23266075 0.         2.23266075\n","  2.38466385 0.96962635 0.         0.         0.         0.\n","  0.         0.         0.        ]\n"," [0.         0.         0.         0.         0.69660785 0.\n","  0.         1.64769825 1.46712601 2.23266075 2.23266075 0.\n","  2.38466385 0.96962635 0.55458885 1.38466385 0.         0.\n","  0.         0.         0.        ]\n"," [0.         0.         0.         0.         0.84861095 0.\n","  0.         0.         1.6191291  2.38466385 2.38466385 2.38466385\n","  0.         1.12162944 0.70659194 1.53666694 0.         0.\n","  0.         0.         0.        ]\n"," [0.         0.12162944 0.         0.         0.43357345 0.\n","  0.         0.         0.         0.96962635 0.96962635 0.96962635\n","  1.12162944 0.         0.87651695 1.70659194 0.         0.\n","  0.35295499 0.         0.29155444]\n"," [0.         0.12162944 0.         0.         0.         0.\n","  0.         0.         0.         0.         0.         0.55458885\n","  0.70659194 0.87651695 0.         1.29155444 0.76103973 0.29155444\n","  0.52287999 0.01853595 0.87651695]\n"," [0.         0.         0.         0.         0.84861095 0.\n","  0.         0.         0.         0.         0.         1.38466385\n","  1.53666694 1.70659194 1.29155444 0.         0.         0.\n","  0.18302999 0.         0.        ]\n"," [0.         0.         0.         0.         0.         0.26918663\n","  0.         1.26918663 1.08861439 0.         0.         0.\n","  0.         0.         0.76103973 0.         0.         2.59111472\n","  0.65251527 1.31809623 1.17607723]\n"," [0.         0.53666694 0.         0.         0.         1.38466385\n","  0.         0.         0.         0.         0.         0.\n","  0.         0.         0.29155444 0.         2.59111472 0.\n","  0.76799249 1.43357345 0.        ]\n"," [0.         0.59806749 0.         0.         0.         0.44606439\n","  0.03102689 0.         0.         0.         0.         0.\n","  0.         0.35295499 0.52287999 0.18302999 0.65251527 0.76799249\n","  0.         1.0799365  0.35295499]\n"," [0.         0.58557654 0.         0.         0.         0.69660786\n","  0.         0.11164535 0.         0.         0.         0.\n","  0.         0.         0.01853595 0.         1.31809623 1.43357345\n","  1.0799365  0.16055496 0.01853595]\n"," [0.         0.         0.         0.         0.01853595 0.96962635\n","  0.55458885 0.96962635 0.7890541  0.         0.         0.\n","  0.         0.29155444 0.87651695 0.         1.17607723 0.\n","  0.35295499 0.01853595 0.        ]]\n"]},{"output_type":"stream","name":"stderr","text":["<ipython-input-11-8ab1f5855204>:15: RuntimeWarning: divide by zero encountered in log2\n","  PPMI_matrix[i][j] = max(np.log2(pij / (pi_star * p_star_j)), 0)\n"]}]},{"cell_type":"markdown","source":["# **4.**"],"metadata":{"id":"wQoh1BUgjLSO"}},{"cell_type":"code","source":["import requests\n","import numpy as np\n","\n","def get_synonyms(word):\n","    api_url = f\"https://www.dictionaryapi.com/api/v3/references/thesaurus/json/{word}?key=your_api_key_here\"\n","    response = requests.get(api_url)\n","    if response.status_code == 200:\n","        synonyms = response.json()[0].get('meta', {}).get('syns', [])\n","        return synonyms\n","    return []\n","\n","def calculate_PPMI(word1, word2):\n","    ppmi_value = np.random.rand()\n","    return ppmi_value\n","\n","words = ['hegemony', 'domination', 'control', 'supremacy', 'authority', 'management', 'ascendancy', 'lordship', 'sovereignty', 'clout']\n","ppmi_matrix = np.zeros((len(words), len(words)))\n","\n","for i in range(len(words)):\n","    for j in range(len(words)):\n","        ppmi_matrix[i][j] = calculate_PPMI(words[i], words[j])\n","\n","print(ppmi_matrix)"],"metadata":{"colab":{"base_uri":"https://localhost:8080/"},"id":"9xAbRAlGjOYY","executionInfo":{"status":"ok","timestamp":1711891258088,"user_tz":-180,"elapsed":228,"user":{"displayName":"Nataliia Dolishnia-Sprynska","userId":"03488156013549653284"}},"outputId":"03bb18f8-98bb-4ead-e693-875f73dc7d92"},"execution_count":14,"outputs":[{"output_type":"stream","name":"stdout","text":["[[0.17732724 0.03409545 0.26767158 0.45365735 0.42522181 0.70912514\n","  0.63806649 0.87742539 0.84328826 0.66607847]\n"," [0.97065294 0.4914423  0.72720668 0.72664294 0.86875682 0.50002919\n","  0.5926771  0.24205028 0.86461732 0.31577799]\n"," [0.40574407 0.50130212 0.85281352 0.9652343  0.52579365 0.26142243\n","  0.63509595 0.66241229 0.84331854 0.34749446]\n"," [0.60035883 0.43079817 0.41659967 0.45240747 0.57615702 0.05328547\n","  0.00946535 0.25205486 0.68975523 0.30551776]\n"," [0.43605237 0.59129073 0.82576145 0.08981033 0.54460689 0.67626394\n","  0.50591135 0.92598194 0.62351725 0.26194408]\n"," [0.14558472 0.67914359 0.5951303  0.33828176 0.37689022 0.51626387\n","  0.0415644  0.82709007 0.76909588 0.20843   ]\n"," [0.81369677 0.35045488 0.71323285 0.40940572 0.81451424 0.24680932\n","  0.49180063 0.71665087 0.10619335 0.37890262]\n"," [0.50462652 0.96855779 0.39743447 0.27369824 0.24941755 0.19105562\n","  0.01233375 0.3643242  0.51431415 0.37840616]\n"," [0.94693964 0.39227788 0.07302753 0.65186376 0.24539087 0.49605781\n","  0.93407583 0.85163175 0.9959819  0.05719523]\n"," [0.61667316 0.83489801 0.31805302 0.90463546 0.40950521 0.28446639\n","  0.94305089 0.50018896 0.631796   0.08842383]]\n"]}]}]}